0 3 1
0 11 3
0 21 1
0 26 1
0 50 1
3 11 5
3 13 3
3 21 5
3 22 11
3 24 1
3 27 1
3 28 1
3 50 9
4 50 1
5 8 1
5 9 1
5 21 5
5 22 3
5 27 2
5 33 1
5 38 2
5 42 1
5 50 8
6 1 4
6 11 10
6 12 4
6 13 48
6 14 12
6 17 2
6 21 136
6 22 166
6 24 30
6 27 102
6 28 78
6 37 10
6 40 22
6 42 44
6 43 4
6 51 6
8 11 4
8 21 5
8 22 5
8 24 1
8 28 1
8 33 1
8 38 1
8 47 1
8 50 2
9 3 2
9 11 15
9 13 2
9 21 4
9 22 1
9 27 3
9 28 7
9 33 4
9 34 1
9 38 1
9 42 3
9 47 1
9 50 53
10 11 66
10 14 24
10 21 16
10 22 102
10 24 9
10 27 39
10 28 64
10 33 514
10 34 1
10 40 4
10 49 2
11 2 2
11 3 11
11 5 2
11 8 10
11 9 24
11 10 1
11 12 2
11 13 59
11 14 6
11 15 1
11 17 1
11 18 12
11 20 2
11 21 98
11 22 92
11 24 5
11 26 2
11 27 47
11 28 83
11 33 90
11 34 1
11 36 2
11 38 3
11 40 2
11 42 11
11 44 2
11 45 1
11 46 1
11 47 26
11 49 2
11 50 102
12 3 1
12 11 11
12 13 1
12 18 1
12 20 1
12 21 16
12 22 9
12 24 1
12 26 1
12 27 5
12 28 3
12 33 2
12 36 1
12 42 2
12 47 5
12 49 1
12 50 14
13 2 1
13 9 1
13 11 10
13 12 1
13 14 1
13 17 4
13 18 1
13 21 24
13 22 24
13 23 1
13 24 1
13 27 9
13 28 16
13 33 1
13 34 1
13 35 3
13 40 1
13 42 4
13 44 1
13 47 2
13 50 32
14 3 3
14 10 1
14 11 3
14 13 1
14 21 13
14 22 15
14 24 2
14 27 10
14 28 51
14 33 1
14 38 1
14 42 2
14 50 31
15 22 1
15 28 1
15 38 1
15 47 1
15 50 2
16 50 1
17 3 2
17 9 1
17 11 8
17 13 11
17 18 1
17 21 5
17 22 7
17 24 1
17 26 1
17 27 1
17 28 1
17 36 1
17 42 2
17 50 12
18 3 1
18 8 2
18 11 25
18 13 7
18 14 1
18 20 1
18 21 53
18 22 25
18 24 1
18 27 10
18 28 18
18 33 8
18 34 1
18 36 1
18 42 7
18 46 1
18 47 8
18 48 1
18 49 3
18 50 17
19 50 2
20 3 1
20 8 2
20 11 20
20 12 1
20 13 4
20 18 1
20 21 17
20 22 3
20 24 3
20 27 5
20 28 2
20 33 4
20 34 1
20 36 1
20 38 1
20 40 1
20 42 4
20 48 1
20 50 14
21 2 1
21 3 7
21 7 1
21 8 8
21 9 4
21 11 87
21 13 52
21 14 11
21 15 2
21 17 3
21 18 4
21 22 59
21 23 1
21 24 7
21 27 64
21 28 111
21 33 27
21 34 1
21 35 2
21 36 1
21 37 1
21 38 3
21 40 5
21 42 10
21 43 1
21 44 1
21 46 2
21 47 4
21 49 1
21 50 45
22 3 12
22 5 2
22 8 5
22 9 7
22 10 11
22 11 86
22 12 9
22 13 95
22 14 12
22 15 1
22 17 5
22 18 14
22 19 1
22 20 1
22 21 114
22 24 23
22 26 1
22 27 65
22 28 143
22 33 62
22 34 1
22 35 4
22 36 1
22 37 1
22 38 5
22 40 24
22 41 2
22 42 15
22 43 2
22 44 2
22 45 1
22 46 4
22 47 32
22 49 2
22 50 71
22 51 5
23 18 1
23 50 1
24 8 4
24 9 2
24 11 10
24 13 6
24 14 3
24 18 1
24 21 36
24 22 13
24 27 13
24 28 15
24 33 4
24 35 1
24 38 1
24 40 2
24 42 2
24 44 2
24 50 37
25 42 1
26 22 4
26 28 1
26 50 1
27 2 1
27 3 3
27 5 1
27 8 8
27 9 4
27 10 2
27 11 91
27 12 3
27 13 56
27 14 8
27 15 1
27 18 6
27 20 2
27 21 147
27 22 78
27 24 9
27 28 121
27 33 93
27 34 1
27 35 3
27 36 3
27 38 8
27 40 4
27 42 14
27 43 2
27 44 3
27 47 19
27 49 2
27 50 63
27 51 4
28 2 1
28 3 5
28 8 4
28 9 4
28 10 2
28 11 43
28 13 64
28 14 7
28 17 2
28 18 4
28 21 97
28 22 63
28 23 1
28 24 7
28 27 48
28 33 31
28 34 1
28 35 3
28 36 1
28 38 1
28 40 11
28 42 10
28 43 1
28 44 6
28 47 3
28 48 1
28 49 1
28 50 60
28 51 1
29 13 1
30 50 1
31 3 1
31 21 1
31 33 1
31 47 1
31 50 2
32 33 1
32 47 1
32 50 1
33 3 1
33 5 1
33 8 8
33 9 5
33 10 1
33 11 82
33 12 1
33 13 7
33 14 6
33 18 11
33 20 1
33 21 104
33 22 61
33 24 4
33 27 46
33 28 111
33 31 2
33 34 1
33 36 4
33 37 1
33 38 1
33 40 3
33 42 3
33 44 2
33 46 1
33 47 6
33 49 3
33 50 82
34 22 1
34 28 3
34 33 2
34 50 4
36 27 1
36 28 1
36 33 20
36 40 3
37 21 1
37 50 2
38 15 2
38 21 2
38 22 1
38 27 1
38 50 5
39 36 1
40 3 3
40 11 9
40 13 3
40 14 5
40 18 1
40 21 25
40 22 6
40 27 1
40 28 22
40 33 3
40 36 2
40 38 1
40 44 1
40 50 28
41 21 1
41 22 3
41 50 2
42 2 1
42 8 1
42 11 8
42 12 1
42 13 8
42 17 1
42 21 12
42 22 6
42 24 1
42 27 4
42 28 7
42 33 4
42 35 1
42 38 1
42 44 2
42 50 7
43 21 2
43 47 1
44 22 2
44 28 15
45 3 1
45 9 1
45 11 2
45 13 1
45 33 6
45 50 4
46 11 1
46 18 1
46 21 6
46 22 5
46 27 1
46 33 1
46 50 4
47 3 1
47 9 1
47 11 7
47 13 3
47 22 2
47 27 1
47 31 1
47 33 5
47 42 1
48 22 2
48 50 1
49 8 2
49 11 2
49 13 2
49 21 19
49 22 3
49 24 1
49 27 6
49 28 3
49 38 2
49 50 7
49 51 1
50 9 1
50 11 5
50 14 1
50 21 7
50 22 13
50 27 2
50 28 56
50 33 6
51 21 2
51 22 1
51 40 1
51 50 2
